35 1 1 1 1 1 1 1 1 1 1 1 1 1 1 1 1 1 1 1 1 1 1 1 1 1 1 1 1 1 1 1 1 1 1 1
   3.2777474514072306E-02 1.0d0 1.0d0
   6.1052208024089318E-02 1.0d0 1.0d0
   1.1371779544172864E-01 1.0d0 1.0d0
   2.1181678224305334E-01 1.0d0 1.0d0
   3.9455421330447510E-01 1.0d0 1.0d0
   7.3499993917294237E-01 1.0d0 1.0d0
   1.3694267119018748E+00 1.0d0 1.0d0
   2.5522453323068639E+00 1.0d0 1.0d0
   4.7592004160127050E+00 1.0d0 1.0d0
   8.8821010163462422E+00 1.0d0 1.0d0
   1.6598538397889143E+01 1.0d0 1.0d0
   3.1079527707765703E+01 1.0d0 1.0d0
   5.8358006063602978E+01 1.0d0 1.0d0
   1.1000966104096939E+02 1.0d0 1.0d0
   2.0848750508658674E+02 1.0d0 1.0d0
   3.9793692474094433E+02 1.0d0 1.0d0
   7.6660358942891128E+02 1.0d0 1.0d0
   1.4944323346681333E+03 1.0d0 1.0d0
   2.9570621576747585E+03 1.0d0 1.0d0
   5.9602824302208819E+03 1.0d0 1.0d0
   1.2287273922270530E+04 1.0d0 1.0d0
   2.6025474503929181E+04 1.0d0 1.0d0
   5.6920167949008617E+04 1.0d0 1.0d0
   1.2924146561822579E+05 1.0d0 1.0d0
   3.0640047899595002E+05 1.0d0 1.0d0
   7.6297421342751326E+05 1.0d0 1.0d0
   2.0076698631188064E+06 1.0d0 1.0d0
   5.6164425941082174E+06 1.0d0 1.0d0
   1.6802885560418982E+07 1.0d0 1.0d0
   5.4065392869313173E+07 1.0d0 1.0d0
   1.8809445122304142E+08 1.0d0 1.0d0
   7.1100930633447683E+08 1.0d0 1.0d0
   2.9330970963636436E+09 1.0d0 1.0d0
   1.3255935848588299E+10 1.0d0 1.0d0
   6.5852664686153687E+10 1.0d0 1.0d0
30 1 1 1 1 1 1 1 1 1 1 1 1 1 1 1 1 1 1 1 1 1 1 1 1 1 1 1 1 1 1
   3.2777474514072306E-02 1.0d0 1.0d0
   6.1052208024089318E-02 1.0d0 1.0d0
   1.1371779544172864E-01 1.0d0 1.0d0
   2.1181678224305334E-01 1.0d0 1.0d0
   3.9455421330447510E-01 1.0d0 1.0d0
   7.3499993917294237E-01 1.0d0 1.0d0
   1.3694267119018748E+00 1.0d0 1.0d0
   2.5522453323068639E+00 1.0d0 1.0d0
   4.7592004160127050E+00 1.0d0 1.0d0
   8.8821010163462422E+00 1.0d0 1.0d0
   1.6598538397889143E+01 1.0d0 1.0d0
   3.1079527707765703E+01 1.0d0 1.0d0
   5.8358006063602978E+01 1.0d0 1.0d0
   1.1000966104096939E+02 1.0d0 1.0d0
   2.0848750508658674E+02 1.0d0 1.0d0
   3.9793692474094433E+02 1.0d0 1.0d0
   7.6660358942891128E+02 1.0d0 1.0d0
   1.4944323346681333E+03 1.0d0 1.0d0
   2.9570621576747585E+03 1.0d0 1.0d0
   5.9602824302208819E+03 1.0d0 1.0d0
   1.2287273922270530E+04 1.0d0 1.0d0
   2.6025474503929181E+04 1.0d0 1.0d0
   5.6920167949008617E+04 1.0d0 1.0d0
   1.2924146561822579E+05 1.0d0 1.0d0
   3.0640047899595002E+05 1.0d0 1.0d0
   7.6297421342751326E+05 1.0d0 1.0d0
   2.0076698631188064E+06 1.0d0 1.0d0
   5.6164425941082174E+06 1.0d0 1.0d0
   1.6802885560418982E+07 1.0d0 1.0d0
   5.4065392869313173E+07 1.0d0 1.0d0
30 1 1 1 1 1 1 1 1 1 1 1 1 1 1 1 1 1 1 1 1 1 1 1 1 1 1 1 1 1 1
   3.2777474514072306E-02 1.0d0 1.0d0
   6.1052208024089318E-02 1.0d0 1.0d0
   1.1371779544172864E-01 1.0d0 1.0d0
   2.1181678224305334E-01 1.0d0 1.0d0
   3.9455421330447510E-01 1.0d0 1.0d0
   7.3499993917294237E-01 1.0d0 1.0d0
   1.3694267119018748E+00 1.0d0 1.0d0
   2.5522453323068639E+00 1.0d0 1.0d0
   4.7592004160127050E+00 1.0d0 1.0d0
   8.8821010163462422E+00 1.0d0 1.0d0
   1.6598538397889143E+01 1.0d0 1.0d0
   3.1079527707765703E+01 1.0d0 1.0d0
   5.8358006063602978E+01 1.0d0 1.0d0
   1.1000966104096939E+02 1.0d0 1.0d0
   2.0848750508658674E+02 1.0d0 1.0d0
   3.9793692474094433E+02 1.0d0 1.0d0
   7.6660358942891128E+02 1.0d0 1.0d0
   1.4944323346681333E+03 1.0d0 1.0d0
   2.9570621576747585E+03 1.0d0 1.0d0
   5.9602824302208819E+03 1.0d0 1.0d0
   1.2287273922270530E+04 1.0d0 1.0d0
   2.6025474503929181E+04 1.0d0 1.0d0
   5.6920167949008617E+04 1.0d0 1.0d0
   1.2924146561822579E+05 1.0d0 1.0d0
   3.0640047899595002E+05 1.0d0 1.0d0
   7.6297421342751326E+05 1.0d0 1.0d0
   2.0076698631188064E+06 1.0d0 1.0d0
   5.6164425941082174E+06 1.0d0 1.0d0
   1.6802885560418982E+07 1.0d0 1.0d0
   5.4065392869313173E+07 1.0d0 1.0d0
25 1 1 1 1 1 1 1 1 1 1 1 1 1 1 1 1 1 1 1 1 1 1 1 1 1
   3.2777474514072306E-02 1.0d0 1.0d0
   6.1052208024089318E-02 1.0d0 1.0d0
   1.1371779544172864E-01 1.0d0 1.0d0
   2.1181678224305334E-01 1.0d0 1.0d0
   3.9455421330447510E-01 1.0d0 1.0d0
   7.3499993917294237E-01 1.0d0 1.0d0
   1.3694267119018748E+00 1.0d0 1.0d0
   2.5522453323068639E+00 1.0d0 1.0d0
   4.7592004160127050E+00 1.0d0 1.0d0
   8.8821010163462422E+00 1.0d0 1.0d0
   1.6598538397889143E+01 1.0d0 1.0d0
   3.1079527707765703E+01 1.0d0 1.0d0
   5.8358006063602978E+01 1.0d0 1.0d0
   1.1000966104096939E+02 1.0d0 1.0d0
   2.0848750508658674E+02 1.0d0 1.0d0
   3.9793692474094433E+02 1.0d0 1.0d0
   7.6660358942891128E+02 1.0d0 1.0d0
   1.4944323346681333E+03 1.0d0 1.0d0
   2.9570621576747585E+03 1.0d0 1.0d0
   5.9602824302208819E+03 1.0d0 1.0d0
   1.2287273922270530E+04 1.0d0 1.0d0
   2.6025474503929181E+04 1.0d0 1.0d0
   5.6920167949008617E+04 1.0d0 1.0d0
   1.2924146561822579E+05 1.0d0 1.0d0
   3.0640047899595002E+05 1.0d0 1.0d0
25 1 1 1 1 1 1 1 1 1 1 1 1 1 1 1 1 1 1 1 1 1 1 1 1 1
   3.2777474514072306E-02 1.0d0 1.0d0
   6.1052208024089318E-02 1.0d0 1.0d0
   1.1371779544172864E-01 1.0d0 1.0d0
   2.1181678224305334E-01 1.0d0 1.0d0
   3.9455421330447510E-01 1.0d0 1.0d0
   7.3499993917294237E-01 1.0d0 1.0d0
   1.3694267119018748E+00 1.0d0 1.0d0
   2.5522453323068639E+00 1.0d0 1.0d0
   4.7592004160127050E+00 1.0d0 1.0d0
   8.8821010163462422E+00 1.0d0 1.0d0
   1.6598538397889143E+01 1.0d0 1.0d0
   3.1079527707765703E+01 1.0d0 1.0d0
   5.8358006063602978E+01 1.0d0 1.0d0
   1.1000966104096939E+02 1.0d0 1.0d0
   2.0848750508658674E+02 1.0d0 1.0d0
   3.9793692474094433E+02 1.0d0 1.0d0
   7.6660358942891128E+02 1.0d0 1.0d0
   1.4944323346681333E+03 1.0d0 1.0d0
   2.9570621576747585E+03 1.0d0 1.0d0
   5.9602824302208819E+03 1.0d0 1.0d0
   1.2287273922270530E+04 1.0d0 1.0d0
   2.6025474503929181E+04 1.0d0 1.0d0
   5.6920167949008617E+04 1.0d0 1.0d0
   1.2924146561822579E+05 1.0d0 1.0d0
   3.0640047899595002E+05 1.0d0 1.0d0
20 1 1 1 1 1 1 1 1 1 1 1 1 1 1 1 1 1 1 1 1
   3.2777474514072306E-02 1.0d0 1.0d0
   6.1052208024089318E-02 1.0d0 1.0d0
   1.1371779544172864E-01 1.0d0 1.0d0
   2.1181678224305334E-01 1.0d0 1.0d0
   3.9455421330447510E-01 1.0d0 1.0d0
   7.3499993917294237E-01 1.0d0 1.0d0
   1.3694267119018748E+00 1.0d0 1.0d0
   2.5522453323068639E+00 1.0d0 1.0d0
   4.7592004160127050E+00 1.0d0 1.0d0
   8.8821010163462422E+00 1.0d0 1.0d0
   1.6598538397889143E+01 1.0d0 1.0d0
   3.1079527707765703E+01 1.0d0 1.0d0
   5.8358006063602978E+01 1.0d0 1.0d0
   1.1000966104096939E+02 1.0d0 1.0d0
   2.0848750508658674E+02 1.0d0 1.0d0
   3.9793692474094433E+02 1.0d0 1.0d0
   7.6660358942891128E+02 1.0d0 1.0d0
   1.4944323346681333E+03 1.0d0 1.0d0
   2.9570621576747585E+03 1.0d0 1.0d0
   5.9602824302208819E+03 1.0d0 1.0d0
20 1 1 1 1 1 1 1 1 1 1 1 1 1 1 1 1 1 1 1 1
   3.2777474514072306E-02 1.0d0 1.0d0
   6.1052208024089318E-02 1.0d0 1.0d0
   1.1371779544172864E-01 1.0d0 1.0d0
   2.1181678224305334E-01 1.0d0 1.0d0
   3.9455421330447510E-01 1.0d0 1.0d0
   7.3499993917294237E-01 1.0d0 1.0d0
   1.3694267119018748E+00 1.0d0 1.0d0
   2.5522453323068639E+00 1.0d0 1.0d0
   4.7592004160127050E+00 1.0d0 1.0d0
   8.8821010163462422E+00 1.0d0 1.0d0
   1.6598538397889143E+01 1.0d0 1.0d0
   3.1079527707765703E+01 1.0d0 1.0d0
   5.8358006063602978E+01 1.0d0 1.0d0
   1.1000966104096939E+02 1.0d0 1.0d0
   2.0848750508658674E+02 1.0d0 1.0d0
   3.9793692474094433E+02 1.0d0 1.0d0
   7.6660358942891128E+02 1.0d0 1.0d0
   1.4944323346681333E+03 1.0d0 1.0d0
   2.9570621576747585E+03 1.0d0 1.0d0
   5.9602824302208819E+03 1.0d0 1.0d0
